Ana Clara Lonczynski
0680668

1.)  
 ___________________________________________
| m | a b c d | Da | Db | Dc | Ta | Tb | Tc |
|---|---------|----|----|----|----|----|----|
| 0 | 0 0 0 0 | 0  | 0  |  0 | 0  | 0  | 0  |
| 1 | 0 0 0 1 | 0  | 0  |  1 | 0  | 0  | 1  |
| 2 | 0 0 1 0 | 0  | 0  |  1 | 0  | 0  | 0  |
| 3 | 0 0 1 1 | 0  | 1  |  1 | 0  | 1  | 0  |
| 4 | 0 1 0 0 | 0  | 0  |  0 | 0  | 1  | 0  |
| 5 | 0 1 0 1 | 0  | 1  |  1 | 0  | 0  | 1  |
| 6 | 0 1 1 0 | 0  | 1  |  1 | 0  | 0  | 0  |
| 7 | 0 1 1 1 | 1  | 0  |  1 | 1  | 1  | 0  |
| 8 | 1 0 0 0 | 0  | 0  |  0 | 1  | 0  | 0  |
| 9 | 1 0 0 1 | 1  | 0  |  1 | 0  | 0  | 1  |
| A | 1 0 1 0 | 1  | 0  |  1 | 0  | 0  | 0  |
| B | 1 0 1 1 | 1  | 1  |  1 | 0  | 1  | 0  |
| C | 1 1 0 0 | 0  | 0  |  0 | 1  | 1  | 0  |
| D | 1 1 0 1 | 1  | 1  |  1 | 0  | 0  | 1  |
| E | 1 1 1 0 | 1  | 1  |  1 | 0  | 0  | 0  |
| F | 1 1 1 1 | 0  | 0  |  0 | 1  | 1  | 1  |
|___|_________|____|____|____|____|____|____|

a.) SoP Da( 7, 9, 10, 11, 13, 14)
ab\cd 00 01 11 10
00
01          1
11       1     1       abc'd + a'bcd + acd' + ab'c
10          1  1

b.)PoS Db (0, 1, 2, 4, 7, 8, 9, A, C, F)
AB\CD 00 01 11 10
00     0  0     0
01     0     0
11     0     0          (C+D).(B+C+A').(B'+C'+D').(B+C'+D)
10     0  0     0

c.)SoP Dc(1, 2, 3, 5, 6, 7, 9, A, B, D, E)
ab\cd 00 01 11 10
00        1  1  1
01        1  1  1
11        1     1       c'd + cd' + a'cd + b'cd
10        1  1  1

d.)SoP Ta( 7, 8, C, F)
ab\cd 00 01 11 10
00
01           1
11    1      1           bcd + ac'd'
10    1

e.)PoS Tb( 0, 1, 2, 5, 6, 8, 9, A, D, E)
AB\CD 00 01 11 10
00     0  0     0
01        0     0
11        0     0      (C'+ D).(C+D').(B+C+D)
10     0  0     0

f.) SoP Tc( 1, 5, 9, D, F)
ab\cd 00 01 11 10
00        1
01        1
11        1 1           c'd + abcd
10        1